(25.86206896551724, 56.074766355140184, 43.103448275862064, 18.69158878504673, 200.0)
(206.8965517241379, 56.074766355140184, 681.0344827586206, 18.69158878504673, 200.0)
(25.86206896551724, 65.42056074766356, 43.103448275862064, 18.69158878504673, 200.0)
(206.8965517241379, 65.42056074766356, 689.655172413793, 18.69158878504673, 200.0)
(25.86206896551724, 74.76635514018692, 43.103448275862064, 18.69158878504673, 200.0)
(206.8965517241379, 74.76635514018692, 689.655172413793, 18.69158878504673, 200.0)
(25.86206896551724, 84.11214953271028, 43.103448275862064, 18.69158878504673, 200.0)
(25.86206896551724, 93.45794392523365, 43.103448275862064, 18.69158878504673, 200.0)
(853.4482758620688, 93.45794392523365, 43.103448275862064, 18.69158878504673, 200.0)
(25.86206896551724, 102.80373831775701, 43.103448275862064, 18.69158878504673, 200.0)
(853.4482758620688, 102.80373831775701, 43.103448275862064, 18.69158878504673, 200.0)
(25.86206896551724, 112.14953271028037, 43.103448275862064, 18.69158878504673, 200.0)
(853.4482758620688, 112.14953271028037, 43.103448275862064, 18.69158878504673, 200.0)
(25.86206896551724, 121.49532710280374, 43.103448275862064, 18.69158878504673, 200.0)
(853.4482758620688, 121.49532710280374, 43.103448275862064, 18.69158878504673, 200.0)
(25.86206896551724, 130.84112149532712, 43.103448275862064, 18.69158878504673, 200.0)
(853.4482758620688, 130.84112149532712, 43.103448275862064, 18.69158878504673, 200.0)
(25.86206896551724, 140.18691588785046, 43.103448275862064, 18.69158878504673, 200.0)
(853.4482758620688, 140.18691588785046, 43.103448275862064, 18.69158878504673, 200.0)
(25.86206896551724, 149.53271028037383, 43.103448275862064, 18.69158878504673, 200.0)
(853.4482758620688, 149.53271028037383, 43.103448275862064, 18.69158878504673, 200.0)
(25.86206896551724, 158.8785046728972, 43.103448275862064, 18.69158878504673, 200.0)
(853.4482758620688, 158.8785046728972, 43.103448275862064, 18.69158878504673, 200.0)
(25.86206896551724, 168.22429906542055, 43.103448275862064, 18.69158878504673, 200.0)
(853.4482758620688, 168.22429906542055, 43.103448275862064, 18.69158878504673, 200.0)
(25.86206896551724, 177.57009345794393, 43.103448275862064, 18.69158878504673, 200.0)
(853.4482758620688, 177.57009345794393, 43.103448275862064, 18.69158878504673, 200.0)
(25.86206896551724, 186.9158878504673, 43.103448275862064, 18.69158878504673, 200.0)
(853.4482758620688, 186.9158878504673, 43.103448275862064, 18.69158878504673, 200.0)
(25.86206896551724, 196.26168224299064, 43.103448275862064, 18.69158878504673, 200.0)
(853.4482758620688, 196.26168224299064, 43.103448275862064, 18.69158878504673, 200.0)
(25.86206896551724, 205.60747663551402, 43.103448275862064, 18.69158878504673, 200.0)
(853.4482758620688, 205.60747663551402, 43.103448275862064, 18.69158878504673, 200.0)
(25.86206896551724, 214.9532710280374, 43.103448275862064, 18.69158878504673, 200.0)
(853.4482758620688, 214.9532710280374, 43.103448275862064, 18.69158878504673, 200.0)
(25.86206896551724, 224.29906542056074, 43.103448275862064, 18.69158878504673, 200.0)
(853.4482758620688, 224.29906542056074, 43.103448275862064, 18.69158878504673, 200.0)
(25.86206896551724, 233.6448598130841, 43.103448275862064, 18.69158878504673, 200.0)
(853.4482758620688, 233.6448598130841, 43.103448275862064, 18.69158878504673, 200.0)
(25.86206896551724, 242.99065420560748, 43.103448275862064, 18.69158878504673, 200.0)
(853.4482758620688, 242.99065420560748, 43.103448275862064, 18.69158878504673, 200.0)
(25.86206896551724, 252.33644859813086, 43.103448275862064, 18.69158878504673, 200.0)
(853.4482758620688, 252.33644859813086, 43.103448275862064, 18.69158878504673, 200.0)
(25.86206896551724, 261.68224299065423, 43.103448275862064, 18.69158878504673, 200.0)
(853.4482758620688, 261.68224299065423, 43.103448275862064, 18.69158878504673, 200.0)
(25.86206896551724, 271.02803738317755, 43.103448275862064, 18.69158878504673, 200.0)
(853.4482758620688, 271.02803738317755, 43.103448275862064, 18.69158878504673, 200.0)
(25.86206896551724, 280.3738317757009, 43.103448275862064, 18.69158878504673, 200.0)
(853.4482758620688, 280.3738317757009, 43.103448275862064, 18.69158878504673, 200.0)
(25.86206896551724, 289.7196261682243, 689.655172413793, 18.69158878504673, 200.0)
(853.4482758620688, 289.7196261682243, 43.103448275862064, 18.69158878504673, 200.0)
(25.86206896551724, 299.06542056074767, 689.655172413793, 18.69158878504673, 200.0)
(853.4482758620688, 299.06542056074767, 43.103448275862064, 18.69158878504673, 200.0)
(25.86206896551724, 308.41121495327104, 689.655172413793, 18.69158878504673, 200.0)
(853.4482758620688, 308.41121495327104, 43.103448275862064, 18.69158878504673, 200.0)
(25.86206896551724, 317.7570093457944, 43.103448275862064, 18.69158878504673, 200.0)
(853.4482758620688, 317.7570093457944, 43.103448275862064, 18.69158878504673, 200.0)
(25.86206896551724, 327.1028037383178, 43.103448275862064, 18.69158878504673, 200.0)
(853.4482758620688, 327.1028037383178, 43.103448275862064, 18.69158878504673, 200.0)
(25.86206896551724, 336.4485981308411, 43.103448275862064, 18.69158878504673, 200.0)
(853.4482758620688, 336.4485981308411, 43.103448275862064, 18.69158878504673, 200.0)
(25.86206896551724, 345.7943925233645, 43.103448275862064, 18.69158878504673, 200.0)
(853.4482758620688, 345.7943925233645, 43.103448275862064, 18.69158878504673, 200.0)
(25.86206896551724, 355.14018691588785, 43.103448275862064, 18.69158878504673, 200.0)
(853.4482758620688, 355.14018691588785, 43.103448275862064, 18.69158878504673, 200.0)
(25.86206896551724, 364.4859813084112, 43.103448275862064, 18.69158878504673, 200.0)
(853.4482758620688, 364.4859813084112, 43.103448275862064, 18.69158878504673, 200.0)
(25.86206896551724, 373.8317757009346, 43.103448275862064, 18.69158878504673, 200.0)
(853.4482758620688, 373.8317757009346, 43.103448275862064, 18.69158878504673, 200.0)
(25.86206896551724, 383.177570093458, 43.103448275862064, 18.69158878504673, 200.0)
(853.4482758620688, 383.177570093458, 43.103448275862064, 18.69158878504673, 200.0)
(25.86206896551724, 392.5233644859813, 43.103448275862064, 18.69158878504673, 200.0)
(853.4482758620688, 392.5233644859813, 43.103448275862064, 18.69158878504673, 200.0)
(25.86206896551724, 401.86915887850466, 43.103448275862064, 18.69158878504673, 200.0)
(853.4482758620688, 401.86915887850466, 43.103448275862064, 18.69158878504673, 200.0)
(25.86206896551724, 411.21495327102804, 43.103448275862064, 18.69158878504673, 200.0)
(853.4482758620688, 411.21495327102804, 43.103448275862064, 18.69158878504673, 200.0)
(25.86206896551724, 420.5607476635514, 43.103448275862064, 18.69158878504673, 200.0)
(853.4482758620688, 420.5607476635514, 43.103448275862064, 18.69158878504673, 200.0)
(25.86206896551724, 429.9065420560748, 43.103448275862064, 18.69158878504673, 200.0)
(853.4482758620688, 429.9065420560748, 43.103448275862064, 18.69158878504673, 200.0)
(25.86206896551724, 439.25233644859816, 43.103448275862064, 18.69158878504673, 200.0)
(853.4482758620688, 439.25233644859816, 43.103448275862064, 18.69158878504673, 200.0)
(25.86206896551724, 448.5981308411215, 43.103448275862064, 18.69158878504673, 200.0)
(853.4482758620688, 448.5981308411215, 43.103448275862064, 18.69158878504673, 200.0)
(25.86206896551724, 457.94392523364485, 43.103448275862064, 18.69158878504673, 200.0)
(853.4482758620688, 457.94392523364485, 43.103448275862064, 18.69158878504673, 200.0)
(25.86206896551724, 467.2897196261682, 43.103448275862064, 18.69158878504673, 200.0)
(853.4482758620688, 467.2897196261682, 43.103448275862064, 18.69158878504673, 200.0)
(25.86206896551724, 476.6355140186916, 43.103448275862064, 18.69158878504673, 200.0)
(853.4482758620688, 476.6355140186916, 43.103448275862064, 18.69158878504673, 200.0)
(25.86206896551724, 485.98130841121497, 43.103448275862064, 18.69158878504673, 200.0)
(853.4482758620688, 485.98130841121497, 43.103448275862064, 18.69158878504673, 200.0)
(25.86206896551724, 495.32710280373834, 43.103448275862064, 18.69158878504673, 200.0)
(853.4482758620688, 495.32710280373834, 43.103448275862064, 18.69158878504673, 200.0)
(25.86206896551724, 504.6728971962617, 43.103448275862064, 18.69158878504673, 200.0)
(853.4482758620688, 504.6728971962617, 43.103448275862064, 18.69158878504673, 200.0)
(25.86206896551724, 514.018691588785, 43.103448275862064, 18.69158878504673, 200.0)
(25.86206896551724, 523.3644859813085, 43.103448275862064, 18.69158878504673, 200.0)
(206.8965517241379, 523.3644859813085, 689.655172413793, 18.69158878504673, 200.0)
(25.86206896551724, 532.7102803738318, 43.103448275862064, 18.69158878504673, 200.0)
(206.8965517241379, 532.7102803738318, 689.655172413793, 18.69158878504673, 200.0)
(25.86206896551724, 542.0560747663551, 43.103448275862064, 18.69158878504673, 200.0)
(206.8965517241379, 542.0560747663551, 689.655172413793, 18.69158878504673, 200.0)
(25.86206896551724, 551.4018691588785, 43.103448275862064, 18.69158878504673, 200.0)
(25.86206896551724, 560.7476635514018, 43.103448275862064, 18.69158878504673, 200.0)
(853.4482758620688, 560.7476635514018, 43.103448275862064, 18.69158878504673, 200.0)
(25.86206896551724, 570.0934579439253, 43.103448275862064, 18.69158878504673, 200.0)
(853.4482758620688, 570.0934579439253, 43.103448275862064, 18.69158878504673, 200.0)
(25.86206896551724, 579.4392523364486, 43.103448275862064, 18.69158878504673, 200.0)
(853.4482758620688, 579.4392523364486, 43.103448275862064, 18.69158878504673, 200.0)
(25.86206896551724, 588.785046728972, 43.103448275862064, 18.69158878504673, 200.0)
(853.4482758620688, 588.785046728972, 43.103448275862064, 18.69158878504673, 200.0)
(25.86206896551724, 598.1308411214953, 43.103448275862064, 18.69158878504673, 200.0)
(853.4482758620688, 598.1308411214953, 43.103448275862064, 18.69158878504673, 200.0)
(25.86206896551724, 607.4766355140187, 43.103448275862064, 18.69158878504673, 200.0)
(853.4482758620688, 607.4766355140187, 43.103448275862064, 18.69158878504673, 200.0)
(25.86206896551724, 616.8224299065421, 43.103448275862064, 18.69158878504673, 200.0)
(853.4482758620688, 616.8224299065421, 43.103448275862064, 18.69158878504673, 200.0)
(25.86206896551724, 626.1682242990654, 43.103448275862064, 18.69158878504673, 200.0)
(853.4482758620688, 626.1682242990654, 43.103448275862064, 18.69158878504673, 200.0)
(25.86206896551724, 635.5140186915888, 43.103448275862064, 18.69158878504673, 200.0)
(853.4482758620688, 635.5140186915888, 43.103448275862064, 18.69158878504673, 200.0)
(25.86206896551724, 644.8598130841121, 43.103448275862064, 18.69158878504673, 200.0)
(853.4482758620688, 644.8598130841121, 43.103448275862064, 18.69158878504673, 200.0)
(25.86206896551724, 654.2056074766356, 43.103448275862064, 18.69158878504673, 200.0)
(853.4482758620688, 654.2056074766356, 43.103448275862064, 18.69158878504673, 200.0)
(25.86206896551724, 663.5514018691589, 43.103448275862064, 18.69158878504673, 200.0)
(853.4482758620688, 663.5514018691589, 43.103448275862064, 18.69158878504673, 200.0)
(25.86206896551724, 672.8971962616822, 43.103448275862064, 18.69158878504673, 200.0)
(853.4482758620688, 672.8971962616822, 43.103448275862064, 18.69158878504673, 200.0)
(25.86206896551724, 682.2429906542056, 43.103448275862064, 18.69158878504673, 200.0)
(853.4482758620688, 682.2429906542056, 43.103448275862064, 18.69158878504673, 200.0)
(25.86206896551724, 691.588785046729, 43.103448275862064, 18.69158878504673, 200.0)
(853.4482758620688, 691.588785046729, 43.103448275862064, 18.69158878504673, 200.0)
(25.86206896551724, 700.9345794392524, 43.103448275862064, 18.69158878504673, 200.0)
(853.4482758620688, 700.9345794392524, 43.103448275862064, 18.69158878504673, 200.0)
(25.86206896551724, 710.2803738317757, 43.103448275862064, 18.69158878504673, 200.0)
(853.4482758620688, 710.2803738317757, 43.103448275862064, 18.69158878504673, 200.0)
(25.86206896551724, 719.626168224299, 43.103448275862064, 18.69158878504673, 200.0)
(853.4482758620688, 719.626168224299, 43.103448275862064, 18.69158878504673, 200.0)
(25.86206896551724, 728.9719626168225, 43.103448275862064, 18.69158878504673, 200.0)
(853.4482758620688, 728.9719626168225, 43.103448275862064, 18.69158878504673, 200.0)
(25.86206896551724, 738.3177570093458, 43.103448275862064, 18.69158878504673, 200.0)
(853.4482758620688, 738.3177570093458, 43.103448275862064, 18.69158878504673, 200.0)
(25.86206896551724, 747.6635514018692, 43.103448275862064, 18.69158878504673, 200.0)
(853.4482758620688, 747.6635514018692, 43.103448275862064, 18.69158878504673, 200.0)
(25.86206896551724, 757.0093457943925, 689.655172413793, 18.69158878504673, 200.0)
(853.4482758620688, 757.0093457943925, 43.103448275862064, 18.69158878504673, 200.0)
(25.86206896551724, 766.355140186916, 689.655172413793, 18.69158878504673, 200.0)
(853.4482758620688, 766.355140186916, 43.103448275862064, 18.69158878504673, 200.0)
(25.86206896551724, 775.7009345794393, 689.655172413793, 18.69158878504673, 200.0)
(853.4482758620688, 775.7009345794393, 43.103448275862064, 18.69158878504673, 200.0)
(25.86206896551724, 785.0467289719626, 43.103448275862064, 18.69158878504673, 200.0)
(853.4482758620688, 785.0467289719626, 43.103448275862064, 18.69158878504673, 200.0)
(25.86206896551724, 794.392523364486, 43.103448275862064, 18.69158878504673, 200.0)
(853.4482758620688, 794.392523364486, 43.103448275862064, 18.69158878504673, 200.0)
(25.86206896551724, 803.7383177570093, 43.103448275862064, 18.69158878504673, 200.0)
(853.4482758620688, 803.7383177570093, 43.103448275862064, 18.69158878504673, 200.0)
(25.86206896551724, 813.0841121495328, 43.103448275862064, 18.69158878504673, 200.0)
(853.4482758620688, 813.0841121495328, 43.103448275862064, 18.69158878504673, 200.0)
(25.86206896551724, 822.4299065420561, 43.103448275862064, 18.69158878504673, 200.0)
(853.4482758620688, 822.4299065420561, 43.103448275862064, 18.69158878504673, 200.0)
(25.86206896551724, 831.7757009345795, 43.103448275862064, 18.69158878504673, 200.0)
(853.4482758620688, 831.7757009345795, 43.103448275862064, 18.69158878504673, 200.0)
(25.86206896551724, 841.1214953271028, 43.103448275862064, 18.69158878504673, 200.0)
(853.4482758620688, 841.1214953271028, 43.103448275862064, 18.69158878504673, 200.0)
(25.86206896551724, 850.4672897196261, 43.103448275862064, 18.69158878504673, 200.0)
(853.4482758620688, 850.4672897196261, 43.103448275862064, 18.69158878504673, 200.0)
(25.86206896551724, 859.8130841121496, 43.103448275862064, 18.69158878504673, 200.0)
(853.4482758620688, 859.8130841121496, 43.103448275862064, 18.69158878504673, 200.0)
(25.86206896551724, 869.1588785046729, 43.103448275862064, 18.69158878504673, 200.0)
(853.4482758620688, 869.1588785046729, 43.103448275862064, 18.69158878504673, 200.0)
(25.86206896551724, 878.5046728971963, 43.103448275862064, 18.69158878504673, 200.0)
(853.4482758620688, 878.5046728971963, 43.103448275862064, 18.69158878504673, 200.0)
(25.86206896551724, 887.8504672897196, 43.103448275862064, 18.69158878504673, 200.0)
(853.4482758620688, 887.8504672897196, 43.103448275862064, 18.69158878504673, 200.0)
(25.86206896551724, 897.196261682243, 43.103448275862064, 18.69158878504673, 200.0)
(853.4482758620688, 897.196261682243, 43.103448275862064, 18.69158878504673, 200.0)
(25.86206896551724, 906.5420560747664, 43.103448275862064, 18.69158878504673, 200.0)
(853.4482758620688, 906.5420560747664, 43.103448275862064, 18.69158878504673, 200.0)
(25.86206896551724, 915.8878504672897, 43.103448275862064, 18.69158878504673, 200.0)
(853.4482758620688, 915.8878504672897, 43.103448275862064, 18.69158878504673, 200.0)
(25.86206896551724, 925.2336448598131, 43.103448275862064, 18.69158878504673, 200.0)
(853.4482758620688, 925.2336448598131, 43.103448275862064, 18.69158878504673, 200.0)
(25.86206896551724, 934.5794392523364, 43.103448275862064, 18.69158878504673, 200.0)
(853.4482758620688, 934.5794392523364, 43.103448275862064, 18.69158878504673, 200.0)
(25.86206896551724, 943.9252336448599, 43.103448275862064, 18.69158878504673, 200.0)
(853.4482758620688, 943.9252336448599, 43.103448275862064, 18.69158878504673, 200.0)
(25.86206896551724, 953.2710280373832, 43.103448275862064, 18.69158878504673, 200.0)
(853.4482758620688, 953.2710280373832, 43.103448275862064, 18.69158878504673, 200.0)
(25.86206896551724, 962.6168224299065, 43.103448275862064, 18.69158878504673, 200.0)
(853.4482758620688, 962.6168224299065, 43.103448275862064, 18.69158878504673, 200.0)
(25.86206896551724, 971.9626168224299, 43.103448275862064, 18.69158878504673, 200.0)
(853.4482758620688, 971.9626168224299, 43.103448275862064, 18.69158878504673, 200.0)
(25.86206896551724, 981.3084112149533, 43.103448275862064, 18.69158878504673, 200.0)
(25.86206896551724, 990.6542056074767, 43.103448275862064, 18.69158878504673, 200.0)
(206.8965517241379, 990.6542056074767, 689.655172413793, 18.69158878504673, 200.0)
(25.86206896551724, 1000.0, 43.103448275862064, 18.69158878504673, 200.0)
(206.8965517241379, 1000.0, 681.0344827586206, 18.69158878504673, 200.0)
(25.86206896551724, 1009.3457943925234, 43.103448275862064, 18.69158878504673, 200.0)
(206.8965517241379, 1009.3457943925234, 681.0344827586206, 18.69158878504673, 200.0)
(25.86206896551724, 46.728971962616825, 17.241379310344826, 971.9626168224299, 200.0)
(34.48275862068965, 46.728971962616825, 17.241379310344826, 971.9626168224299, 200.0)
(43.103448275862064, 46.728971962616825, 17.241379310344826, 971.9626168224299, 200.0)
(51.72413793103448, 46.728971962616825, 17.241379310344826, 971.9626168224299, 200.0)
(68.9655172413793, 280.3738317757009, 17.241379310344826, 37.38317757009346, 200.0)
(68.9655172413793, 747.6635514018692, 17.241379310344826, 37.38317757009346, 200.0)
(77.58620689655172, 280.3738317757009, 17.241379310344826, 37.38317757009346, 200.0)
(77.58620689655172, 747.6635514018692, 17.241379310344826, 37.38317757009346, 200.0)
(86.20689655172413, 280.3738317757009, 17.241379310344826, 37.38317757009346, 200.0)
(86.20689655172413, 747.6635514018692, 17.241379310344826, 37.38317757009346, 200.0)
(94.82758620689654, 280.3738317757009, 17.241379310344826, 37.38317757009346, 200.0)
(94.82758620689654, 747.6635514018692, 17.241379310344826, 37.38317757009346, 200.0)
(103.44827586206895, 280.3738317757009, 17.241379310344826, 37.38317757009346, 200.0)
(103.44827586206895, 747.6635514018692, 17.241379310344826, 37.38317757009346, 200.0)
(112.06896551724137, 280.3738317757009, 17.241379310344826, 37.38317757009346, 200.0)
(112.06896551724137, 747.6635514018692, 17.241379310344826, 37.38317757009346, 200.0)
(120.68965517241378, 280.3738317757009, 17.241379310344826, 37.38317757009346, 200.0)
(120.68965517241378, 747.6635514018692, 17.241379310344826, 37.38317757009346, 200.0)
(129.3103448275862, 280.3738317757009, 17.241379310344826, 37.38317757009346, 200.0)
(129.3103448275862, 747.6635514018692, 17.241379310344826, 37.38317757009346, 200.0)
(137.9310344827586, 280.3738317757009, 17.241379310344826, 37.38317757009346, 200.0)
(137.9310344827586, 747.6635514018692, 17.241379310344826, 37.38317757009346, 200.0)
(146.55172413793102, 280.3738317757009, 17.241379310344826, 37.38317757009346, 200.0)
(146.55172413793102, 747.6635514018692, 17.241379310344826, 37.38317757009346, 200.0)
(155.17241379310343, 280.3738317757009, 17.241379310344826, 37.38317757009346, 200.0)
(155.17241379310343, 747.6635514018692, 17.241379310344826, 37.38317757009346, 200.0)
(163.79310344827584, 280.3738317757009, 17.241379310344826, 37.38317757009346, 200.0)
(163.79310344827584, 747.6635514018692, 17.241379310344826, 37.38317757009346, 200.0)
(172.41379310344826, 280.3738317757009, 17.241379310344826, 37.38317757009346, 200.0)
(172.41379310344826, 747.6635514018692, 17.241379310344826, 37.38317757009346, 200.0)
(181.03448275862067, 280.3738317757009, 17.241379310344826, 37.38317757009346, 200.0)
(181.03448275862067, 747.6635514018692, 17.241379310344826, 37.38317757009346, 200.0)
(189.65517241379308, 280.3738317757009, 17.241379310344826, 37.38317757009346, 200.0)
(189.65517241379308, 747.6635514018692, 17.241379310344826, 37.38317757009346, 200.0)
(198.2758620689655, 280.3738317757009, 17.241379310344826, 37.38317757009346, 200.0)
(198.2758620689655, 747.6635514018692, 17.241379310344826, 37.38317757009346, 200.0)
(206.8965517241379, 46.728971962616825, 17.241379310344826, 37.38317757009346, 200.0)
(206.8965517241379, 280.3738317757009, 17.241379310344826, 37.38317757009346, 200.0)
(206.8965517241379, 514.018691588785, 17.241379310344826, 37.38317757009346, 200.0)
(206.8965517241379, 747.6635514018692, 17.241379310344826, 37.38317757009346, 200.0)
(206.8965517241379, 981.3084112149533, 17.241379310344826, 37.38317757009346, 200.0)
(215.51724137931032, 46.728971962616825, 17.241379310344826, 37.38317757009346, 200.0)
(215.51724137931032, 280.3738317757009, 17.241379310344826, 37.38317757009346, 200.0)
(215.51724137931032, 514.018691588785, 17.241379310344826, 37.38317757009346, 200.0)
(215.51724137931032, 747.6635514018692, 17.241379310344826, 37.38317757009346, 200.0)
(215.51724137931032, 981.3084112149533, 17.241379310344826, 37.38317757009346, 200.0)
(224.13793103448273, 46.728971962616825, 17.241379310344826, 37.38317757009346, 200.0)
(224.13793103448273, 280.3738317757009, 17.241379310344826, 37.38317757009346, 200.0)
(224.13793103448273, 514.018691588785, 17.241379310344826, 37.38317757009346, 200.0)
(224.13793103448273, 747.6635514018692, 17.241379310344826, 37.38317757009346, 200.0)
(224.13793103448273, 981.3084112149533, 17.241379310344826, 37.38317757009346, 200.0)
(232.75862068965515, 46.728971962616825, 17.241379310344826, 37.38317757009346, 200.0)
(232.75862068965515, 280.3738317757009, 17.241379310344826, 37.38317757009346, 200.0)
(232.75862068965515, 514.018691588785, 17.241379310344826, 37.38317757009346, 200.0)
(232.75862068965515, 747.6635514018692, 17.241379310344826, 37.38317757009346, 200.0)
(232.75862068965515, 981.3084112149533, 17.241379310344826, 37.38317757009346, 200.0)
(241.37931034482756, 46.728971962616825, 17.241379310344826, 37.38317757009346, 200.0)
(241.37931034482756, 280.3738317757009, 17.241379310344826, 37.38317757009346, 200.0)
(241.37931034482756, 514.018691588785, 17.241379310344826, 37.38317757009346, 200.0)
(241.37931034482756, 747.6635514018692, 17.241379310344826, 37.38317757009346, 200.0)
(241.37931034482756, 981.3084112149533, 17.241379310344826, 37.38317757009346, 200.0)
(249.99999999999997, 46.728971962616825, 17.241379310344826, 37.38317757009346, 200.0)
(249.99999999999997, 280.3738317757009, 17.241379310344826, 37.38317757009346, 200.0)
(249.99999999999997, 514.018691588785, 17.241379310344826, 37.38317757009346, 200.0)
(249.99999999999997, 747.6635514018692, 17.241379310344826, 37.38317757009346, 200.0)
(249.99999999999997, 981.3084112149533, 17.241379310344826, 37.38317757009346, 200.0)
(258.6206896551724, 46.728971962616825, 17.241379310344826, 37.38317757009346, 200.0)
(258.6206896551724, 280.3738317757009, 17.241379310344826, 37.38317757009346, 200.0)
(258.6206896551724, 514.018691588785, 17.241379310344826, 37.38317757009346, 200.0)
(258.6206896551724, 747.6635514018692, 17.241379310344826, 37.38317757009346, 200.0)
(258.6206896551724, 981.3084112149533, 17.241379310344826, 37.38317757009346, 200.0)
(267.24137931034477, 46.728971962616825, 17.241379310344826, 37.38317757009346, 200.0)
(267.24137931034477, 280.3738317757009, 17.241379310344826, 37.38317757009346, 200.0)
(267.24137931034477, 514.018691588785, 17.241379310344826, 37.38317757009346, 200.0)
(267.24137931034477, 747.6635514018692, 17.241379310344826, 37.38317757009346, 200.0)
(267.24137931034477, 981.3084112149533, 17.241379310344826, 37.38317757009346, 200.0)
(275.8620689655172, 46.728971962616825, 17.241379310344826, 37.38317757009346, 200.0)
(275.8620689655172, 280.3738317757009, 17.241379310344826, 37.38317757009346, 200.0)
(275.8620689655172, 514.018691588785, 17.241379310344826, 37.38317757009346, 200.0)
(275.8620689655172, 747.6635514018692, 17.241379310344826, 37.38317757009346, 200.0)
(275.8620689655172, 981.3084112149533, 17.241379310344826, 37.38317757009346, 200.0)
(284.48275862068965, 46.728971962616825, 17.241379310344826, 37.38317757009346, 200.0)
(284.48275862068965, 280.3738317757009, 17.241379310344826, 37.38317757009346, 200.0)
(284.48275862068965, 514.018691588785, 17.241379310344826, 37.38317757009346, 200.0)
(284.48275862068965, 747.6635514018692, 17.241379310344826, 37.38317757009346, 200.0)
(284.48275862068965, 981.3084112149533, 17.241379310344826, 37.38317757009346, 200.0)
(293.10344827586204, 46.728971962616825, 17.241379310344826, 37.38317757009346, 200.0)
(293.10344827586204, 280.3738317757009, 17.241379310344826, 37.38317757009346, 200.0)
(293.10344827586204, 514.018691588785, 17.241379310344826, 37.38317757009346, 200.0)
(293.10344827586204, 747.6635514018692, 17.241379310344826, 37.38317757009346, 200.0)
(293.10344827586204, 981.3084112149533, 17.241379310344826, 37.38317757009346, 200.0)
(301.7241379310344, 46.728971962616825, 17.241379310344826, 37.38317757009346, 200.0)
(301.7241379310344, 280.3738317757009, 17.241379310344826, 37.38317757009346, 200.0)
(301.7241379310344, 514.018691588785, 17.241379310344826, 37.38317757009346, 200.0)
(301.7241379310344, 747.6635514018692, 17.241379310344826, 37.38317757009346, 200.0)
(301.7241379310344, 981.3084112149533, 17.241379310344826, 37.38317757009346, 200.0)
(310.34482758620686, 46.728971962616825, 17.241379310344826, 37.38317757009346, 200.0)
(310.34482758620686, 280.3738317757009, 17.241379310344826, 37.38317757009346, 200.0)
(310.34482758620686, 514.018691588785, 17.241379310344826, 37.38317757009346, 200.0)
(310.34482758620686, 747.6635514018692, 17.241379310344826, 37.38317757009346, 200.0)
(310.34482758620686, 981.3084112149533, 17.241379310344826, 37.38317757009346, 200.0)
(318.9655172413793, 46.728971962616825, 17.241379310344826, 37.38317757009346, 200.0)
(318.9655172413793, 280.3738317757009, 17.241379310344826, 37.38317757009346, 200.0)
(318.9655172413793, 514.018691588785, 17.241379310344826, 37.38317757009346, 200.0)
(318.9655172413793, 747.6635514018692, 17.241379310344826, 37.38317757009346, 200.0)
(318.9655172413793, 981.3084112149533, 17.241379310344826, 37.38317757009346, 200.0)
(327.5862068965517, 46.728971962616825, 17.241379310344826, 37.38317757009346, 200.0)
(327.5862068965517, 280.3738317757009, 17.241379310344826, 37.38317757009346, 200.0)
(327.5862068965517, 514.018691588785, 17.241379310344826, 37.38317757009346, 200.0)
(327.5862068965517, 747.6635514018692, 17.241379310344826, 37.38317757009346, 200.0)
(327.5862068965517, 981.3084112149533, 17.241379310344826, 37.38317757009346, 200.0)
(336.20689655172407, 46.728971962616825, 17.241379310344826, 37.38317757009346, 200.0)
(336.20689655172407, 280.3738317757009, 17.241379310344826, 37.38317757009346, 200.0)
(336.20689655172407, 514.018691588785, 17.241379310344826, 37.38317757009346, 200.0)
(336.20689655172407, 747.6635514018692, 17.241379310344826, 37.38317757009346, 200.0)
(336.20689655172407, 981.3084112149533, 17.241379310344826, 37.38317757009346, 200.0)
(344.8275862068965, 46.728971962616825, 17.241379310344826, 37.38317757009346, 200.0)
(344.8275862068965, 280.3738317757009, 17.241379310344826, 37.38317757009346, 200.0)
(344.8275862068965, 514.018691588785, 17.241379310344826, 37.38317757009346, 200.0)
(344.8275862068965, 747.6635514018692, 17.241379310344826, 37.38317757009346, 200.0)
(344.8275862068965, 981.3084112149533, 17.241379310344826, 37.38317757009346, 200.0)
(353.44827586206895, 46.728971962616825, 17.241379310344826, 37.38317757009346, 200.0)
(353.44827586206895, 280.3738317757009, 17.241379310344826, 37.38317757009346, 200.0)
(353.44827586206895, 514.018691588785, 17.241379310344826, 37.38317757009346, 200.0)
(353.44827586206895, 747.6635514018692, 17.241379310344826, 37.38317757009346, 200.0)
(353.44827586206895, 981.3084112149533, 17.241379310344826, 37.38317757009346, 200.0)
(362.06896551724134, 46.728971962616825, 17.241379310344826, 37.38317757009346, 200.0)
(362.06896551724134, 280.3738317757009, 17.241379310344826, 37.38317757009346, 200.0)
(362.06896551724134, 514.018691588785, 17.241379310344826, 37.38317757009346, 200.0)
(362.06896551724134, 747.6635514018692, 17.241379310344826, 37.38317757009346, 200.0)
(362.06896551724134, 981.3084112149533, 17.241379310344826, 37.38317757009346, 200.0)
(370.6896551724137, 46.728971962616825, 17.241379310344826, 37.38317757009346, 200.0)
(370.6896551724137, 280.3738317757009, 17.241379310344826, 37.38317757009346, 200.0)
(370.6896551724137, 514.018691588785, 17.241379310344826, 37.38317757009346, 200.0)
(370.6896551724137, 747.6635514018692, 17.241379310344826, 37.38317757009346, 200.0)
(370.6896551724137, 981.3084112149533, 17.241379310344826, 37.38317757009346, 200.0)
(379.31034482758616, 46.728971962616825, 17.241379310344826, 37.38317757009346, 200.0)
(379.31034482758616, 280.3738317757009, 17.241379310344826, 37.38317757009346, 200.0)
(379.31034482758616, 514.018691588785, 17.241379310344826, 37.38317757009346, 200.0)
(379.31034482758616, 747.6635514018692, 17.241379310344826, 37.38317757009346, 200.0)
(379.31034482758616, 981.3084112149533, 17.241379310344826, 37.38317757009346, 200.0)
(387.9310344827586, 46.728971962616825, 17.241379310344826, 37.38317757009346, 200.0)
(387.9310344827586, 280.3738317757009, 17.241379310344826, 37.38317757009346, 200.0)
(387.9310344827586, 514.018691588785, 17.241379310344826, 37.38317757009346, 200.0)
(387.9310344827586, 747.6635514018692, 17.241379310344826, 37.38317757009346, 200.0)
(387.9310344827586, 981.3084112149533, 17.241379310344826, 37.38317757009346, 200.0)
(396.551724137931, 46.728971962616825, 17.241379310344826, 37.38317757009346, 200.0)
(396.551724137931, 280.3738317757009, 17.241379310344826, 37.38317757009346, 200.0)
(396.551724137931, 514.018691588785, 17.241379310344826, 37.38317757009346, 200.0)
(396.551724137931, 747.6635514018692, 17.241379310344826, 37.38317757009346, 200.0)
(396.551724137931, 981.3084112149533, 17.241379310344826, 37.38317757009346, 200.0)
(405.1724137931034, 46.728971962616825, 17.241379310344826, 37.38317757009346, 200.0)
(405.1724137931034, 280.3738317757009, 17.241379310344826, 37.38317757009346, 200.0)
(405.1724137931034, 514.018691588785, 17.241379310344826, 37.38317757009346, 200.0)
(405.1724137931034, 747.6635514018692, 17.241379310344826, 37.38317757009346, 200.0)
(405.1724137931034, 981.3084112149533, 17.241379310344826, 37.38317757009346, 200.0)
(413.7931034482758, 46.728971962616825, 17.241379310344826, 37.38317757009346, 200.0)
(413.7931034482758, 280.3738317757009, 17.241379310344826, 37.38317757009346, 200.0)
(413.7931034482758, 514.018691588785, 17.241379310344826, 37.38317757009346, 200.0)
(413.7931034482758, 747.6635514018692, 17.241379310344826, 37.38317757009346, 200.0)
(413.7931034482758, 981.3084112149533, 17.241379310344826, 37.38317757009346, 200.0)
(422.41379310344826, 46.728971962616825, 17.241379310344826, 37.38317757009346, 200.0)
(422.41379310344826, 280.3738317757009, 17.241379310344826, 37.38317757009346, 200.0)
(422.41379310344826, 514.018691588785, 17.241379310344826, 37.38317757009346, 200.0)
(422.41379310344826, 747.6635514018692, 17.241379310344826, 37.38317757009346, 200.0)
(422.41379310344826, 981.3084112149533, 17.241379310344826, 37.38317757009346, 200.0)
(431.03448275862064, 46.728971962616825, 17.241379310344826, 37.38317757009346, 200.0)
(431.03448275862064, 280.3738317757009, 17.241379310344826, 37.38317757009346, 200.0)
(431.03448275862064, 514.018691588785, 17.241379310344826, 37.38317757009346, 200.0)
(431.03448275862064, 747.6635514018692, 17.241379310344826, 37.38317757009346, 200.0)
(431.03448275862064, 981.3084112149533, 17.241379310344826, 37.38317757009346, 200.0)
(439.655172413793, 46.728971962616825, 17.241379310344826, 37.38317757009346, 200.0)
(439.655172413793, 280.3738317757009, 17.241379310344826, 37.38317757009346, 200.0)
(439.655172413793, 514.018691588785, 17.241379310344826, 37.38317757009346, 200.0)
(439.655172413793, 747.6635514018692, 17.241379310344826, 37.38317757009346, 200.0)
(439.655172413793, 981.3084112149533, 17.241379310344826, 37.38317757009346, 200.0)
(448.27586206896547, 46.728971962616825, 17.241379310344826, 37.38317757009346, 200.0)
(448.27586206896547, 280.3738317757009, 17.241379310344826, 37.38317757009346, 200.0)
(448.27586206896547, 514.018691588785, 17.241379310344826, 37.38317757009346, 200.0)
(448.27586206896547, 747.6635514018692, 17.241379310344826, 37.38317757009346, 200.0)
(448.27586206896547, 981.3084112149533, 17.241379310344826, 37.38317757009346, 200.0)
(456.8965517241379, 46.728971962616825, 17.241379310344826, 37.38317757009346, 200.0)
(456.8965517241379, 280.3738317757009, 17.241379310344826, 37.38317757009346, 200.0)
(456.8965517241379, 514.018691588785, 17.241379310344826, 37.38317757009346, 200.0)
(456.8965517241379, 747.6635514018692, 17.241379310344826, 37.38317757009346, 200.0)
(456.8965517241379, 981.3084112149533, 17.241379310344826, 37.38317757009346, 200.0)
(465.5172413793103, 46.728971962616825, 17.241379310344826, 37.38317757009346, 200.0)
(465.5172413793103, 280.3738317757009, 17.241379310344826, 37.38317757009346, 200.0)
(465.5172413793103, 514.018691588785, 17.241379310344826, 37.38317757009346, 200.0)
(465.5172413793103, 747.6635514018692, 17.241379310344826, 37.38317757009346, 200.0)
(465.5172413793103, 981.3084112149533, 17.241379310344826, 37.38317757009346, 200.0)
(474.1379310344827, 46.728971962616825, 17.241379310344826, 37.38317757009346, 200.0)
(474.1379310344827, 280.3738317757009, 17.241379310344826, 37.38317757009346, 200.0)
(474.1379310344827, 514.018691588785, 17.241379310344826, 37.38317757009346, 200.0)
(474.1379310344827, 747.6635514018692, 17.241379310344826, 37.38317757009346, 200.0)
(474.1379310344827, 981.3084112149533, 17.241379310344826, 37.38317757009346, 200.0)
(482.7586206896551, 46.728971962616825, 17.241379310344826, 37.38317757009346, 200.0)
(482.7586206896551, 280.3738317757009, 17.241379310344826, 37.38317757009346, 200.0)
(482.7586206896551, 514.018691588785, 17.241379310344826, 37.38317757009346, 200.0)
(482.7586206896551, 747.6635514018692, 17.241379310344826, 37.38317757009346, 200.0)
(482.7586206896551, 981.3084112149533, 17.241379310344826, 37.38317757009346, 200.0)
(491.37931034482756, 46.728971962616825, 17.241379310344826, 37.38317757009346, 200.0)
(491.37931034482756, 280.3738317757009, 17.241379310344826, 37.38317757009346, 200.0)
(491.37931034482756, 514.018691588785, 17.241379310344826, 37.38317757009346, 200.0)
(491.37931034482756, 747.6635514018692, 17.241379310344826, 37.38317757009346, 200.0)
(491.37931034482756, 981.3084112149533, 17.241379310344826, 37.38317757009346, 200.0)
(499.99999999999994, 46.728971962616825, 17.241379310344826, 37.38317757009346, 200.0)
(499.99999999999994, 280.3738317757009, 17.241379310344826, 37.38317757009346, 200.0)
(499.99999999999994, 514.018691588785, 17.241379310344826, 37.38317757009346, 200.0)
(499.99999999999994, 747.6635514018692, 17.241379310344826, 37.38317757009346, 200.0)
(499.99999999999994, 981.3084112149533, 17.241379310344826, 37.38317757009346, 200.0)
(508.6206896551723, 46.728971962616825, 17.241379310344826, 37.38317757009346, 200.0)
(508.6206896551723, 280.3738317757009, 17.241379310344826, 37.38317757009346, 200.0)
(508.6206896551723, 514.018691588785, 17.241379310344826, 37.38317757009346, 200.0)
(508.6206896551723, 747.6635514018692, 17.241379310344826, 37.38317757009346, 200.0)
(508.6206896551723, 981.3084112149533, 17.241379310344826, 37.38317757009346, 200.0)
(517.2413793103448, 46.728971962616825, 17.241379310344826, 37.38317757009346, 200.0)
(517.2413793103448, 280.3738317757009, 17.241379310344826, 37.38317757009346, 200.0)
(517.2413793103448, 514.018691588785, 17.241379310344826, 37.38317757009346, 200.0)
(517.2413793103448, 747.6635514018692, 17.241379310344826, 37.38317757009346, 200.0)
(517.2413793103448, 981.3084112149533, 17.241379310344826, 37.38317757009346, 200.0)
(525.8620689655172, 46.728971962616825, 17.241379310344826, 37.38317757009346, 200.0)
(525.8620689655172, 280.3738317757009, 17.241379310344826, 37.38317757009346, 200.0)
(525.8620689655172, 514.018691588785, 17.241379310344826, 37.38317757009346, 200.0)
(525.8620689655172, 747.6635514018692, 17.241379310344826, 37.38317757009346, 200.0)
(525.8620689655172, 981.3084112149533, 17.241379310344826, 37.38317757009346, 200.0)
(534.4827586206895, 46.728971962616825, 17.241379310344826, 37.38317757009346, 200.0)
(534.4827586206895, 280.3738317757009, 17.241379310344826, 37.38317757009346, 200.0)
(534.4827586206895, 514.018691588785, 17.241379310344826, 37.38317757009346, 200.0)
(534.4827586206895, 747.6635514018692, 17.241379310344826, 37.38317757009346, 200.0)
(534.4827586206895, 981.3084112149533, 17.241379310344826, 37.38317757009346, 200.0)
(543.103448275862, 46.728971962616825, 17.241379310344826, 37.38317757009346, 200.0)
(543.103448275862, 280.3738317757009, 17.241379310344826, 37.38317757009346, 200.0)
(543.103448275862, 514.018691588785, 17.241379310344826, 37.38317757009346, 200.0)
(543.103448275862, 747.6635514018692, 17.241379310344826, 37.38317757009346, 200.0)
(543.103448275862, 981.3084112149533, 17.241379310344826, 37.38317757009346, 200.0)
(551.7241379310344, 46.728971962616825, 17.241379310344826, 37.38317757009346, 200.0)
(551.7241379310344, 280.3738317757009, 17.241379310344826, 37.38317757009346, 200.0)
(551.7241379310344, 514.018691588785, 17.241379310344826, 37.38317757009346, 200.0)
(551.7241379310344, 747.6635514018692, 17.241379310344826, 37.38317757009346, 200.0)
(551.7241379310344, 981.3084112149533, 17.241379310344826, 37.38317757009346, 200.0)
(560.3448275862069, 46.728971962616825, 17.241379310344826, 37.38317757009346, 200.0)
(560.3448275862069, 280.3738317757009, 17.241379310344826, 37.38317757009346, 200.0)
(560.3448275862069, 514.018691588785, 17.241379310344826, 37.38317757009346, 200.0)
(560.3448275862069, 747.6635514018692, 17.241379310344826, 37.38317757009346, 200.0)
(560.3448275862069, 981.3084112149533, 17.241379310344826, 37.38317757009346, 200.0)
(568.9655172413793, 46.728971962616825, 17.241379310344826, 37.38317757009346, 200.0)
(568.9655172413793, 280.3738317757009, 17.241379310344826, 37.38317757009346, 200.0)
(568.9655172413793, 514.018691588785, 17.241379310344826, 37.38317757009346, 200.0)
(568.9655172413793, 747.6635514018692, 17.241379310344826, 37.38317757009346, 200.0)
(568.9655172413793, 981.3084112149533, 17.241379310344826, 37.38317757009346, 200.0)
(577.5862068965516, 46.728971962616825, 17.241379310344826, 37.38317757009346, 200.0)
(577.5862068965516, 280.3738317757009, 17.241379310344826, 37.38317757009346, 200.0)
(577.5862068965516, 514.018691588785, 17.241379310344826, 37.38317757009346, 200.0)
(577.5862068965516, 747.6635514018692, 17.241379310344826, 37.38317757009346, 200.0)
(577.5862068965516, 981.3084112149533, 17.241379310344826, 37.38317757009346, 200.0)
(586.2068965517241, 46.728971962616825, 17.241379310344826, 37.38317757009346, 200.0)
(586.2068965517241, 280.3738317757009, 17.241379310344826, 37.38317757009346, 200.0)
(586.2068965517241, 514.018691588785, 17.241379310344826, 37.38317757009346, 200.0)
(586.2068965517241, 747.6635514018692, 17.241379310344826, 37.38317757009346, 200.0)
(586.2068965517241, 981.3084112149533, 17.241379310344826, 37.38317757009346, 200.0)
(594.8275862068965, 46.728971962616825, 17.241379310344826, 37.38317757009346, 200.0)
(594.8275862068965, 280.3738317757009, 17.241379310344826, 37.38317757009346, 200.0)
(594.8275862068965, 514.018691588785, 17.241379310344826, 37.38317757009346, 200.0)
(594.8275862068965, 747.6635514018692, 17.241379310344826, 37.38317757009346, 200.0)
(594.8275862068965, 981.3084112149533, 17.241379310344826, 37.38317757009346, 200.0)
(603.4482758620688, 46.728971962616825, 17.241379310344826, 37.38317757009346, 200.0)
(603.4482758620688, 280.3738317757009, 17.241379310344826, 37.38317757009346, 200.0)
(603.4482758620688, 514.018691588785, 17.241379310344826, 37.38317757009346, 200.0)
(603.4482758620688, 747.6635514018692, 17.241379310344826, 37.38317757009346, 200.0)
(603.4482758620688, 981.3084112149533, 17.241379310344826, 37.38317757009346, 200.0)
(612.0689655172413, 46.728971962616825, 17.241379310344826, 37.38317757009346, 200.0)
(612.0689655172413, 280.3738317757009, 17.241379310344826, 37.38317757009346, 200.0)
(612.0689655172413, 514.018691588785, 17.241379310344826, 37.38317757009346, 200.0)
(612.0689655172413, 747.6635514018692, 17.241379310344826, 37.38317757009346, 200.0)
(612.0689655172413, 981.3084112149533, 17.241379310344826, 37.38317757009346, 200.0)
(620.6896551724137, 46.728971962616825, 17.241379310344826, 37.38317757009346, 200.0)
(620.6896551724137, 280.3738317757009, 17.241379310344826, 37.38317757009346, 200.0)
(620.6896551724137, 514.018691588785, 17.241379310344826, 37.38317757009346, 200.0)
(620.6896551724137, 747.6635514018692, 17.241379310344826, 37.38317757009346, 200.0)
(620.6896551724137, 981.3084112149533, 17.241379310344826, 37.38317757009346, 200.0)
(629.3103448275862, 46.728971962616825, 17.241379310344826, 37.38317757009346, 200.0)
(629.3103448275862, 280.3738317757009, 17.241379310344826, 37.38317757009346, 200.0)
(629.3103448275862, 514.018691588785, 17.241379310344826, 37.38317757009346, 200.0)
(629.3103448275862, 747.6635514018692, 17.241379310344826, 37.38317757009346, 200.0)
(629.3103448275862, 981.3084112149533, 17.241379310344826, 37.38317757009346, 200.0)
(637.9310344827586, 46.728971962616825, 17.241379310344826, 37.38317757009346, 200.0)
(637.9310344827586, 280.3738317757009, 17.241379310344826, 37.38317757009346, 200.0)
(637.9310344827586, 514.018691588785, 17.241379310344826, 37.38317757009346, 200.0)
(637.9310344827586, 747.6635514018692, 17.241379310344826, 37.38317757009346, 200.0)
(637.9310344827586, 981.3084112149533, 17.241379310344826, 37.38317757009346, 200.0)
(646.5517241379309, 46.728971962616825, 17.241379310344826, 37.38317757009346, 200.0)
(646.5517241379309, 280.3738317757009, 17.241379310344826, 37.38317757009346, 200.0)
(646.5517241379309, 514.018691588785, 17.241379310344826, 37.38317757009346, 200.0)
(646.5517241379309, 747.6635514018692, 17.241379310344826, 37.38317757009346, 200.0)
(646.5517241379309, 981.3084112149533, 17.241379310344826, 37.38317757009346, 200.0)
(655.1724137931034, 46.728971962616825, 17.241379310344826, 37.38317757009346, 200.0)
(655.1724137931034, 280.3738317757009, 17.241379310344826, 37.38317757009346, 200.0)
(655.1724137931034, 514.018691588785, 17.241379310344826, 37.38317757009346, 200.0)
(655.1724137931034, 747.6635514018692, 17.241379310344826, 37.38317757009346, 200.0)
(655.1724137931034, 981.3084112149533, 17.241379310344826, 37.38317757009346, 200.0)
(663.7931034482758, 46.728971962616825, 17.241379310344826, 37.38317757009346, 200.0)
(663.7931034482758, 280.3738317757009, 17.241379310344826, 37.38317757009346, 200.0)
(663.7931034482758, 514.018691588785, 17.241379310344826, 37.38317757009346, 200.0)
(663.7931034482758, 747.6635514018692, 17.241379310344826, 37.38317757009346, 200.0)
(663.7931034482758, 981.3084112149533, 17.241379310344826, 37.38317757009346, 200.0)
(672.4137931034481, 46.728971962616825, 17.241379310344826, 37.38317757009346, 200.0)
(672.4137931034481, 280.3738317757009, 17.241379310344826, 37.38317757009346, 200.0)
(672.4137931034481, 514.018691588785, 17.241379310344826, 37.38317757009346, 200.0)
(672.4137931034481, 747.6635514018692, 17.241379310344826, 37.38317757009346, 200.0)
(672.4137931034481, 981.3084112149533, 17.241379310344826, 37.38317757009346, 200.0)
(681.0344827586206, 46.728971962616825, 17.241379310344826, 37.38317757009346, 200.0)
(681.0344827586206, 280.3738317757009, 17.241379310344826, 37.38317757009346, 200.0)
(681.0344827586206, 514.018691588785, 17.241379310344826, 37.38317757009346, 200.0)
(681.0344827586206, 747.6635514018692, 17.241379310344826, 37.38317757009346, 200.0)
(681.0344827586206, 981.3084112149533, 17.241379310344826, 37.38317757009346, 200.0)
(689.655172413793, 46.728971962616825, 17.241379310344826, 37.38317757009346, 200.0)
(689.655172413793, 280.3738317757009, 17.241379310344826, 37.38317757009346, 200.0)
(689.655172413793, 514.018691588785, 17.241379310344826, 37.38317757009346, 200.0)
(689.655172413793, 747.6635514018692, 17.241379310344826, 37.38317757009346, 200.0)
(689.655172413793, 981.3084112149533, 17.241379310344826, 37.38317757009346, 200.0)
(698.2758620689655, 46.728971962616825, 17.241379310344826, 37.38317757009346, 200.0)
(698.2758620689655, 280.3738317757009, 17.241379310344826, 37.38317757009346, 200.0)
(698.2758620689655, 514.018691588785, 17.241379310344826, 37.38317757009346, 200.0)
(698.2758620689655, 747.6635514018692, 17.241379310344826, 37.38317757009346, 200.0)
(698.2758620689655, 981.3084112149533, 17.241379310344826, 37.38317757009346, 200.0)
(706.8965517241379, 46.728971962616825, 17.241379310344826, 37.38317757009346, 200.0)
(706.8965517241379, 514.018691588785, 17.241379310344826, 37.38317757009346, 200.0)
(706.8965517241379, 981.3084112149533, 17.241379310344826, 37.38317757009346, 200.0)
(715.5172413793102, 46.728971962616825, 17.241379310344826, 37.38317757009346, 200.0)
(715.5172413793102, 514.018691588785, 17.241379310344826, 37.38317757009346, 200.0)
(715.5172413793102, 981.3084112149533, 17.241379310344826, 37.38317757009346, 200.0)
(724.1379310344827, 46.728971962616825, 17.241379310344826, 37.38317757009346, 200.0)
(724.1379310344827, 514.018691588785, 17.241379310344826, 37.38317757009346, 200.0)
(724.1379310344827, 981.3084112149533, 17.241379310344826, 37.38317757009346, 200.0)
(732.7586206896551, 46.728971962616825, 17.241379310344826, 37.38317757009346, 200.0)
(732.7586206896551, 514.018691588785, 17.241379310344826, 37.38317757009346, 200.0)
(732.7586206896551, 981.3084112149533, 17.241379310344826, 37.38317757009346, 200.0)
(741.3793103448274, 46.728971962616825, 17.241379310344826, 37.38317757009346, 200.0)
(741.3793103448274, 514.018691588785, 17.241379310344826, 37.38317757009346, 200.0)
(741.3793103448274, 981.3084112149533, 17.241379310344826, 37.38317757009346, 200.0)
(749.9999999999999, 46.728971962616825, 17.241379310344826, 37.38317757009346, 200.0)
(749.9999999999999, 514.018691588785, 17.241379310344826, 37.38317757009346, 200.0)
(749.9999999999999, 981.3084112149533, 17.241379310344826, 37.38317757009346, 200.0)
(758.6206896551723, 46.728971962616825, 17.241379310344826, 37.38317757009346, 200.0)
(758.6206896551723, 514.018691588785, 17.241379310344826, 37.38317757009346, 200.0)
(758.6206896551723, 981.3084112149533, 17.241379310344826, 37.38317757009346, 200.0)
(767.2413793103448, 46.728971962616825, 17.241379310344826, 37.38317757009346, 200.0)
(767.2413793103448, 514.018691588785, 17.241379310344826, 37.38317757009346, 200.0)
(767.2413793103448, 981.3084112149533, 17.241379310344826, 37.38317757009346, 200.0)
(775.8620689655172, 46.728971962616825, 17.241379310344826, 37.38317757009346, 200.0)
(775.8620689655172, 514.018691588785, 17.241379310344826, 37.38317757009346, 200.0)
(775.8620689655172, 981.3084112149533, 17.241379310344826, 37.38317757009346, 200.0)
(784.4827586206895, 46.728971962616825, 17.241379310344826, 37.38317757009346, 200.0)
(784.4827586206895, 514.018691588785, 17.241379310344826, 37.38317757009346, 200.0)
(784.4827586206895, 981.3084112149533, 17.241379310344826, 37.38317757009346, 200.0)
(793.103448275862, 46.728971962616825, 17.241379310344826, 37.38317757009346, 200.0)
(793.103448275862, 514.018691588785, 17.241379310344826, 37.38317757009346, 200.0)
(793.103448275862, 981.3084112149533, 17.241379310344826, 37.38317757009346, 200.0)
(801.7241379310344, 46.728971962616825, 17.241379310344826, 37.38317757009346, 200.0)
(801.7241379310344, 514.018691588785, 17.241379310344826, 37.38317757009346, 200.0)
(801.7241379310344, 981.3084112149533, 17.241379310344826, 37.38317757009346, 200.0)
(810.3448275862067, 46.728971962616825, 17.241379310344826, 37.38317757009346, 200.0)
(810.3448275862067, 514.018691588785, 17.241379310344826, 37.38317757009346, 200.0)
(810.3448275862067, 981.3084112149533, 17.241379310344826, 37.38317757009346, 200.0)
(818.9655172413792, 46.728971962616825, 17.241379310344826, 37.38317757009346, 200.0)
(818.9655172413792, 514.018691588785, 17.241379310344826, 37.38317757009346, 200.0)
(818.9655172413792, 981.3084112149533, 17.241379310344826, 37.38317757009346, 200.0)
(827.5862068965516, 46.728971962616825, 17.241379310344826, 37.38317757009346, 200.0)
(827.5862068965516, 514.018691588785, 17.241379310344826, 37.38317757009346, 200.0)
(827.5862068965516, 981.3084112149533, 17.241379310344826, 37.38317757009346, 200.0)
(836.2068965517241, 46.728971962616825, 17.241379310344826, 37.38317757009346, 200.0)
(836.2068965517241, 514.018691588785, 17.241379310344826, 37.38317757009346, 200.0)
(836.2068965517241, 981.3084112149533, 17.241379310344826, 37.38317757009346, 200.0)
(844.8275862068965, 46.728971962616825, 17.241379310344826, 37.38317757009346, 200.0)
(853.4482758620688, 46.728971962616825, 17.241379310344826, 971.9626168224299, 200.0)
(862.0689655172413, 46.728971962616825, 17.241379310344826, 971.9626168224299, 200.0)
(870.6896551724137, 46.728971962616825, 17.241379310344826, 971.9626168224299, 200.0)
